58,100,28,23
60,100,28,23
61,100,28,23
62,100,28,23
62,100,28,23
64,101,28,23
66,101,28,23
67,101,28,23
69,102,28,23
69,102,28,23
70,102,28,23
71,103,28,23
70,103,28,23
69,103,28,23
68,104,28,23
68,104,28,23
67,104,28,23
66,104,28,23
65,105,28,23
65,105,28,23
65,105,28,23
64,106,28,23
64,107,28,23
66,107,28,23
68,107,28,23
68,107,28,23
71,107,28,23
75,107,28,23
80,108,28,23
85,108,27,22
89,108,27,22
90,108,27,22
92,109,26,22
92,109,26,22
93,109,27,22
94,109,27,22
95,109,27,22
95,109,27,22
96,109,27,22
98,110,27,22
99,110,27,22
99,110,27,22
100,110,27,22
101,110,27,22
103,111,26,22
104,111,26,22
104,111,26,22
106,109,27,22
108,107,26,22
108,107,26,22
109,104,26,22
110,102,26,22
112,100,27,22
115,100,27,22
117,99,26,22
117,99,26,22
118,98,26,22
120,98,26,22
121,98,26,22
122,98,27,22
122,98,27,22
123,98,27,22
124,98,27,22
125,98,26,22
126,98,26,22
126,98,26,22
128,98,27,22
129,99,27,22
130,99,27,22
131,99,27,22
132,99,27,22
132,99,27,22
134,99,27,22
135,99,27,22
137,99,26,22
138,99,27,22
139,99,27,22
139,99,27,22
141,99,27,22
142,100,27,22
144,100,27,22
145,100,26,22
146,100,26,22
146,100,26,22
147,100,26,22
149,100,26,22
150,100,26,22
151,100,27,22
156,100,27,22
157,100,27,22
157,100,27,22
157,100,27,22
160,102,27,22
160,102,27,22
165,102,27,22
165,102,27,22
165,102,27,22
165,102,27,22
166,102,28,23
167,102,28,23
167,102,28,23
167,102,29,24
168,102,29,24
169,102,29,24
169,102,29,24
170,103,30,24
170,103,30,25
170,103,31,25
171,104,30,25
177,106,31,25
177,106,31,25
177,106,31,25
178,106,31,25
178,106,31,25
178,107,31,25
179,107,31,25
179,107,31,25
179,107,31,25
179,108,31,25
180,108,31,25
184,108,30,25
184,108,30,25
184,109,30,25
185,109,30,25
185,109,30,25
185,111,30,25
185,112,30,25
185,112,30,25
184,113,30,24
184,113,30,24
184,113,30,24
186,115,30,24
185,116,30,24
183,116,30,25
182,116,30,25
182,116,30,25
183,114,30,25
182,115,30,25
181,115,30,25
181,115,30,25
180,116,30,25
180,116,30,25
179,116,30,25
179,116,30,25
178,117,31,25
177,117,31,25
176,122,31,25
175,122,31,25
173,122,31,25
173,122,31,25
172,122,30,25
171,122,30,25
170,122,30,25
169,123,30,25
169,123,30,25
167,123,30,25
166,123,30,25
164,123,30,25
162,122,30,25
161,120,30,25
161,120,30,25
159,117,30,25
157,115,30,25
155,112,30,25
153,110,30,25
151,107,31,25
152,108,33,27
150,106,32,27
148,104,32,27
146,103,32,26
146,103,32,26
144,102,31,26
142,101,31,26
141,99,31,26
141,99,31,26
139,98,32,26
137,98,31,26
136,98,32,26
134,98,32,26
134,98,32,26
133,98,32,26
131,98,32,26
130,97,32,26
130,97,32,26
129,97,32,27
127,97,32,27
127,97,32,27
126,96,32,27
124,96,32,27
122,96,32,26
121,96,32,26
119,96,32,27
119,96,32,27
117,95,32,27
115,95,32,26
115,95,32,26
113,93,32,26
111,93,32,26
109,93,32,26
108,93,32,27
107,93,32,27
106,92,32,27
106,92,32,27
104,92,32,27
104,92,32,27
103,91,32,27
102,89,32,27
102,89,32,27
101,88,33,27
100,88,32,27
99,87,32,27
99,87,32,27
98,87,33,27
97,86,33,27
95,86,33,28
94,85,33,28
94,85,33,28
92,85,33,28
91,84,34,28
89,84,33,28
88,84,33,28
88,84,33,28
87,83,33,27
86,83,33,27
85,82,33,28
84,82,33,28
88,80,29,24
87,79,30,24
86,78,30,24
86,78,30,24
86,78,30,24
85,77,30,24
85,77,30,24
85,76,29,24
84,75,29,24
83,75,29,24
79,75,28,22
79,75,28,22
78,74,28,22
77,74,28,22
76,74,28,22
75,73,28,22
75,73,28,22
74,73,28,22
73,73,28,22
72,72,27,22
73,70,27,22
73,70,27,22
73,69,27,22
72,68,28,22
72,68,28,22
71,67,28,22
71,67,28,22
71,66,28,22
71,66,28,22
71,66,28,22
71,66,27,22
71,65,27,22
71,65,27,22
71,65,27,21
71,64,27,22
70,63,27,22
70,63,27,22
70,63,27,22
69,62,27,22
68,62,27,22
68,61,27,22
68,61,28,22
67,60,28,22
67,60,28,22
67,60,27,22
67,59,28,22
67,59,28,22
67,59,28,22
67,58,28,22
67,58,28,22
67,58,24,18
67,57,23,18
67,57,23,18
68,57,23,18
68,57,23,17
68,56,23,17
67,56,23,18
67,56,23,18
67,55,23,18
67,55,23,18
66,55,23,18
66,54,23,18
65,54,23,17
65,54,23,17
65,53,23,17
65,52,23,17
64,52,23,17
64,52,23,17
64,52,23,17
64,51,23,17
64,51,23,17
65,51,23,17
65,51,23,17
65,51,23,17
65,50,23,17
66,50,23,17
66,49,22,17
66,49,22,17
66,49,22,17
66,48,22,17
66,48,22,17
65,47,22,17
65,47,22,17
65,47,22,17
64,47,22,17
63,47,22,17
62,46,23,17
61,46,23,17
61,45,23,17
60,45,23,17
60,45,23,17
60,45,23,17
60,45,23,17
59,44,23,17
59,44,23,17
59,44,23,17
59,44,22,17
59,44,22,17
59,43,22,17
59,43,22,17
59,43,22,17
58,42,23,17
58,42,23,17
57,42,23,17
56,41,23,17
56,41,23,17
55,41,23,17
54,41,23,18
53,41,23,18
52,41,24,18
47,40,24,18
47,40,24,18
46,40,24,18
45,40,24,18
44,40,24,18
44,40,24,18
43,40,24,18
43,40,24,18
43,40,24,18
42,39,24,18
42,39,24,18
42,39,24,18
42,39,24,18
41,39,24,18
41,39,24,18
40,40,24,18
39,40,24,18
39,40,24,18
39,40,24,18
38,41,24,18
33,41,24,18
33,42,24,18
32,42,24,18
32,42,24,18
32,42,23,18
32,43,23,18
32,43,23,18
32,43,23,18
32,43,23,18
32,44,23,18
32,44,23,18
32,44,23,17
31,45,23,17
31,45,23,17
31,45,23,17
31,45,22,17
31,46,22,17
31,46,22,17
31,46,22,17
31,47,22,17
26,47,22,17
26,48,22,17
26,48,22,17
26,48,22,17
26,49,22,17
26,49,22,17
26,49,22,17
26,50,22,17
26,50,22,17
26,51,22,17
26,51,22,17
26,51,22,17
26,51,22,17
26,52,22,17
26,52,22,17
26,52,22,17
26,53,22,16
26,53,22,16
26,54,22,16
26,54,22,16
25,56,22,16
25,57,22,16
26,57,22,16
26,58,22,16
26,58,22,16
26,58,22,16
27,58,22,16
27,59,22,16
27,59,22,17
27,59,22,17
28,59,22,17
28,60,22,17
29,60,22,17
29,60,22,17
29,60,22,17
30,60,22,17
31,61,22,17
31,61,22,17
31,61,22,17
31,62,22,17
30,64,22,17
30,65,22,17
31,65,22,17
31,66,22,17
31,66,22,17
31,66,22,17
32,66,22,17
32,67,22,17
33,67,22,17
33,67,22,17
33,67,22,17
34,68,22,17
35,68,22,17
36,69,22,17
37,70,22,17
37,70,22,17
39,71,22,17
40,71,22,17
40,71,22,17
40,71,22,17
41,71,22,17
42,72,22,17
43,72,23,17
43,72,23,17
44,73,23,17
45,74,23,17
45,74,23,17
46,75,23,17
46,75,23,17
47,75,23,17
47,75,23,17
48,76,23,17
49,76,23,17
49,76,23,17
50,77,23,17
51,77,23,17
52,78,23,17
52,78,23,17
53,78,23,17
54,79,23,17
51,79,27,21
52,79,27,21
52,79,27,21
54,79,27,21
55,80,27,21
56,80,27,21
56,80,27,21
57,81,27,21
58,81,27,21
59,82,27,21
59,82,27,21
60,83,27,21
61,83,27,21
62,84,27,21
63,84,27,21
63,84,27,21
63,84,27,21
64,85,27,21
65,85,27,21
67,86,27,21
67,86,27,21
68,86,27,21
69,87,27,21
70,88,27,21
72,88,27,21
73,89,27,21
74,89,27,21
74,89,27,21
76,89,27,21
77,89,27,21
79,90,27,21
79,90,27,21
80,91,27,21
82,91,27,21
84,92,27,21
85,92,27,21
87,93,27,21
87,93,27,21
88,93,27,22
90,93,27,22
88,94,29,24
88,94,29,24
90,94,29,24
91,95,29,24
93,95,29,24
93,95,29,24
94,95,29,24
96,96,29,24
98,96,29,24
98,96,29,24
100,96,29,24
101,96,29,24
103,96,29,24
105,96,29,24
107,96,29,24
107,96,29,24
109,97,29,24
111,97,29,24
113,97,29,24
115,98,29,24
113,98,33,28
115,98,33,28
117,98,33,28
118,98,33,28
120,98,33,28
120,98,33,28
121,98,34,28
123,98,34,28
125,98,34,28
125,98,34,28
127,98,34,28
129,98,34,29
130,98,35,29
130,98,35,29
132,98,35,29
134,97,35,29
136,97,35,29
138,97,35,29
138,97,35,29
140,97,35,29
142,97,35,29
143,97,35,29
144,97,36,30
144,97,36,30
146,97,36,30
147,96,35,30
149,96,36,30
150,96,36,30
150,96,36,30
151,95,36,30
152,95,36,30
153,95,36,30
155,95,36,30
155,94,37,30
155,94,37,30
156,94,37,31
158,93,37,31
159,93,36,30
161,92,37,31
161,92,37,31
161,92,37,31
162,91,38,32
163,91,38,32
164,91,38,32
170,91,34,28
170,91,34,27
175,91,30,23
176,90,30,23
177,90,30,23
177,90,30,23
178,89,30,24
178,89,30,24
179,89,30,24
179,89,30,24
179,89,30,24
179,89,30,24
183,86,27,20
183,86,27,20
183,86,27,20
183,86,26,20
183,86,26,20
183,85,26,20
183,84,26,20
183,84,27,20
183,84,27,20
184,84,27,20
184,84,27,20
184,83,27,20
184,83,27,20
183,82,27,20
183,82,27,20
182,81,27,21
182,81,27,21
182,81,27,21
181,81,28,21
180,80,28,21
174,78,28,21
173,78,27,21
173,78,27,21
172,78,27,21
171,77,27,21
168,77,27,20
167,77,27,20
166,77,27,20
166,77,27,20
162,77,27,20
161,77,27,20
161,77,27,20
160,76,27,20
160,76,27,20
155,74,27,20
155,74,27,20
155,74,27,21
154,74,27,21
154,74,27,21
149,74,28,21
149,74,28,21
149,74,28,21
148,73,28,22
147,73,29,22
146,73,30,22
146,73,30,22
145,73,30,23
139,71,30,23
138,71,30,23
137,70,30,23
135,70,31,23
135,70,31,23
134,70,31,23
133,70,31,24
132,70,31,24
131,69,32,24
130,69,32,24
130,69,32,24
129,69,32,24
128,69,32,25
127,68,33,25
127,68,33,25
123,70,25,17
121,70,25,17
120,70,25,17
118,70,26,17
116,69,26,17
116,69,26,17
114,69,26,18
112,69,26,17
111,69,25,17
110,69,25,17
111,66,25,17
111,66,25,17
109,66,25,17
109,65,25,17
108,65,25,17
108,65,25,17
107,65,25,17
106,65,26,17
105,64,25,17
105,64,25,17
104,64,25,17
104,63,25,17
103,63,25,17
101,62,25,17
100,62,25,17
100,62,25,17
99,62,25,17
97,62,26,17
95,61,26,18
94,61,26,18
94,61,26,18
92,61,26,18
91,60,26,17
90,60,25,17
89,60,25,17
89,60,25,17
89,60,25,17
88,59,25,17
88,59,25,17
87,59,25,17
86,55,25,17
86,54,25,17
86,54,25,17
86,54,25,17
85,53,25,17
84,53,26,17
83,52,26,17
82,52,26,17
82,52,26,17
81,52,26,17
80,51,26,17
79,51,26,17
77,51,26,18
76,51,26,18
76,51,26,18
75,50,26,18
74,50,26,18
74,49,26,18
73,49,26,18
73,49,26,18
73,49,26,18
72,49,26,18
72,48,26,18
72,48,26,18
72,48,26,18
71,47,26,18
71,47,26,18
71,47,26,18
70,46,26,18
70,46,26,18
69,46,26,18
68,45,26,18
67,45,26,18
66,45,26,18
66,45,26,18
65,45,26,18
64,44,27,18
63,44,26,18
62,44,26,18
62,44,26,18
61,43,26,18
61,43,26,18
60,43,26,18
60,42,26,18
60,42,26,18
59,42,26,18
59,42,26,18
58,41,26,18
58,41,26,18
58,41,26,18
58,41,26,18
57,40,26,18
56,40,27,18
55,40,27,18
54,40,27,18
54,40,27,18
53,39,27,18
52,39,27,18
50,39,27,19
49,39,28,19
49,39,28,19
48,38,28,19
47,38,28,19
47,38,28,19
47,38,28,19
46,38,28,19
46,38,28,19
46,38,28,19
45,38,28,19
45,38,28,19
41,38,26,17
41,38,26,17
40,38,26,17
39,38,26,17
39,38,26,17
38,38,26,17
37,38,26,17
36,38,26,17
35,37,26,17
35,37,26,17
34,37,26,17
33,37,26,17
32,37,26,17
32,37,26,17
32,38,26,17
31,38,26,17
31,38,26,17
31,38,26,17
31,38,26,17
31,38,26,17
26,38,26,17
26,38,26,17
26,38,26,17
26,38,26,17
26,38,26,17
26,38,26,17
26,38,26,17
26,39,26,17
26,39,26,17
26,40,25,17
26,40,25,17
27,41,25,16
27,42,24,16
27,43,24,16
27,44,24,16
27,44,24,16
27,44,24,16
27,45,24,16
27,45,24,16
27,46,24,16
27,46,24,15
27,46,24,15
27,47,24,16
27,47,24,16
27,48,24,15
27,48,24,15
27,48,24,15
27,49,24,15
27,49,24,15
28,50,24,15
28,50,24,16
28,50,24,16
28,51,24,15
28,51,24,15
28,51,24,16
28,51,24,16
28,52,24,16
28,53,24,16
29,53,24,16
29,53,24,16
25,54,28,19
25,54,28,20
25,54,28,20
25,54,28,20
25,55,28,20
25,55,28,20
25,56,28,20
26,56,28,20
26,56,28,20
26,56,28,20
26,57,28,20
26,57,28,20
26,57,28,20
26,57,28,20
26,58,28,20
27,58,28,20
27,58,28,20
27,59,28,20
27,59,28,20
27,60,28,20
27,60,28,20
27,60,28,20
27,61,28,20
27,61,28,20
27,61,28,20
27,62,28,20
27,62,28,20
27,62,28,20
28,63,28,20
28,63,28,20
29,70,28,20
29,70,28,20
29,70,28,20
29,70,28,20
30,71,28,20
30,72,28,20
30,72,28,20
30,72,28,20
30,72,28,20
30,73,28,20
31,77,28,20
31,78,28,20
31,78,28,20
31,79,28,19
31,79,28,20
31,80,28,20
31,81,28,20
31,81,28,20
31,81,28,20
32,82,28,19
32,82,28,19
32,82,28,20
32,83,28,20
33,83,28,20
33,83,28,20
33,84,28,20
34,85,28,20
34,85,28,20
35,86,28,20
35,86,28,20
37,90,28,20
37,91,28,20
38,91,28,20
38,91,28,20
38,92,28,20
38,92,28,20
39,93,28,20
39,94,28,20
39,94,28,20
39,95,28,20
39,95,28,20
40,96,28,20
40,96,28,20
41,97,28,20
41,97,28,20
41,97,28,20
42,98,28,19
43,99,27,19
44,100,27,19
44,100,27,19
44,107,28,20
46,107,28,19
46,107,27,19
47,108,27,19
47,108,27,19
47,108,27,19
48,109,27,19
48,110,27,19
49,111,27,19
50,112,27,19
50,112,27,19
50,113,27,19
51,113,27,19
51,114,27,19
51,114,27,19
52,114,27,19
53,115,27,19
54,116,27,19
55,117,27,19
55,118,27,19
55,118,27,19
57,119,27,19
58,120,27,19
58,121,27,19
59,121,27,19
59,121,27,19
60,122,27,19
60,123,27,19
61,124,27,19
61,124,27,19
64,131,27,19
64,132,27,19
65,134,28,20
66,135,28,19
66,135,28,19
66,136,27,19
67,136,27,19
67,137,28,19
68,138,28,19
68,138,28,19
70,139,27,19
71,141,27,19
71,142,27,19
73,143,27,19
73,145,26,19
73,145,26,19
74,145,26,19
75,146,27,19
76,147,27,19
77,148,27,19
77,148,27,19
78,149,27,19
79,150,27,19
80,151,27,19
81,152,28,19
81,152,28,19
83,154,28,20
84,155,28,20
85,156,28,20
86,157,28,20
87,158,28,20
87,158,28,20
89,159,28,20
90,160,28,20
92,162,29,20
92,162,29,20
94,163,29,20
96,164,29,21
98,166,29,21
98,166,29,21
95,163,39,31
97,164,39,31
99,166,39,31
100,167,40,31
100,167,40,31
102,169,40,31
104,170,40,31
106,171,40,31
108,173,40,32
108,173,40,32
110,175,41,32
111,176,40,32
113,176,41,32
115,177,41,32
117,179,41,32
119,180,41,32
119,180,41,32
121,181,41,32
123,183,41,32
123,183,41,32
126,184,41,32
129,185,41,32
131,186,41,32
133,186,41,32
135,187,42,33
135,187,42,33
138,189,43,33
141,191,43,33
144,192,43,34
144,192,43,34
146,194,44,34
149,195,44,34
152,196,45,35
154,197,45,35
154,197,45,35
156,197,46,36
159,197,47,36
162,198,47,36
162,198,47,36
165,198,47,37
167,199,48,37
171,199,48,37
174,199,48,38
178,200,48,38
178,200,48,38
181,200,48,38
185,200,48,38
188,201,48,37
191,202,48,37
191,202,48,37
195,204,48,37
199,205,48,37
203,208,47,37
204,209,47,36
205,209,46,36
205,209,46,36
205,209,46,36
205,209,46,36
205,210,46,36
205,210,46,36
NaN,NaN,NaN,NaN
NaN,NaN,NaN,NaN
NaN,NaN,NaN,NaN
NaN,NaN,NaN,NaN
NaN,NaN,NaN,NaN
NaN,NaN,NaN,NaN
NaN,NaN,NaN,NaN
NaN,NaN,NaN,NaN
NaN,NaN,NaN,NaN
NaN,NaN,NaN,NaN
NaN,NaN,NaN,NaN
NaN,NaN,NaN,NaN
NaN,NaN,NaN,NaN
NaN,NaN,NaN,NaN
NaN,NaN,NaN,NaN
NaN,NaN,NaN,NaN
NaN,NaN,NaN,NaN
NaN,NaN,NaN,NaN
NaN,NaN,NaN,NaN
NaN,NaN,NaN,NaN
NaN,NaN,NaN,NaN
NaN,NaN,NaN,NaN
NaN,NaN,NaN,NaN
NaN,NaN,NaN,NaN
NaN,NaN,NaN,NaN
NaN,NaN,NaN,NaN
NaN,NaN,NaN,NaN
NaN,NaN,NaN,NaN
NaN,NaN,NaN,NaN
NaN,NaN,NaN,NaN
NaN,NaN,NaN,NaN
NaN,NaN,NaN,NaN
NaN,NaN,NaN,NaN
NaN,NaN,NaN,NaN
NaN,NaN,NaN,NaN
NaN,NaN,NaN,NaN
NaN,NaN,NaN,NaN
NaN,NaN,NaN,NaN
NaN,NaN,NaN,NaN
NaN,NaN,NaN,NaN
NaN,NaN,NaN,NaN
NaN,NaN,NaN,NaN
NaN,NaN,NaN,NaN
NaN,NaN,NaN,NaN
NaN,NaN,NaN,NaN
NaN,NaN,NaN,NaN
NaN,NaN,NaN,NaN
NaN,NaN,NaN,NaN
NaN,NaN,NaN,NaN
NaN,NaN,NaN,NaN
NaN,NaN,NaN,NaN
NaN,NaN,NaN,NaN
NaN,NaN,NaN,NaN
NaN,NaN,NaN,NaN
NaN,NaN,NaN,NaN
NaN,NaN,NaN,NaN
NaN,NaN,NaN,NaN
NaN,NaN,NaN,NaN
NaN,NaN,NaN,NaN
NaN,NaN,NaN,NaN
NaN,NaN,NaN,NaN
NaN,NaN,NaN,NaN
NaN,NaN,NaN,NaN
NaN,NaN,NaN,NaN
NaN,NaN,NaN,NaN
NaN,NaN,NaN,NaN
NaN,NaN,NaN,NaN
NaN,NaN,NaN,NaN
NaN,NaN,NaN,NaN
NaN,NaN,NaN,NaN
NaN,NaN,NaN,NaN
NaN,NaN,NaN,NaN
NaN,NaN,NaN,NaN
NaN,NaN,NaN,NaN
NaN,NaN,NaN,NaN
NaN,NaN,NaN,NaN
NaN,NaN,NaN,NaN
NaN,NaN,NaN,NaN
NaN,NaN,NaN,NaN
NaN,NaN,NaN,NaN
NaN,NaN,NaN,NaN
NaN,NaN,NaN,NaN
NaN,NaN,NaN,NaN
NaN,NaN,NaN,NaN
NaN,NaN,NaN,NaN
NaN,NaN,NaN,NaN
NaN,NaN,NaN,NaN
NaN,NaN,NaN,NaN
NaN,NaN,NaN,NaN
NaN,NaN,NaN,NaN
NaN,NaN,NaN,NaN
NaN,NaN,NaN,NaN
NaN,NaN,NaN,NaN
NaN,NaN,NaN,NaN
NaN,NaN,NaN,NaN
NaN,NaN,NaN,NaN
NaN,NaN,NaN,NaN
NaN,NaN,NaN,NaN
NaN,NaN,NaN,NaN
NaN,NaN,NaN,NaN
NaN,NaN,NaN,NaN
NaN,NaN,NaN,NaN
NaN,NaN,NaN,NaN
NaN,NaN,NaN,NaN
NaN,NaN,NaN,NaN
NaN,NaN,NaN,NaN
NaN,NaN,NaN,NaN
NaN,NaN,NaN,NaN
NaN,NaN,NaN,NaN
NaN,NaN,NaN,NaN
NaN,NaN,NaN,NaN
NaN,NaN,NaN,NaN
NaN,NaN,NaN,NaN
NaN,NaN,NaN,NaN
NaN,NaN,NaN,NaN
NaN,NaN,NaN,NaN
NaN,NaN,NaN,NaN
NaN,NaN,NaN,NaN
NaN,NaN,NaN,NaN
NaN,NaN,NaN,NaN
NaN,NaN,NaN,NaN
NaN,NaN,NaN,NaN
NaN,NaN,NaN,NaN
NaN,NaN,NaN,NaN
NaN,NaN,NaN,NaN
NaN,NaN,NaN,NaN
NaN,NaN,NaN,NaN
NaN,NaN,NaN,NaN
NaN,NaN,NaN,NaN
NaN,NaN,NaN,NaN
NaN,NaN,NaN,NaN
NaN,NaN,NaN,NaN
NaN,NaN,NaN,NaN
NaN,NaN,NaN,NaN
NaN,NaN,NaN,NaN
NaN,NaN,NaN,NaN
NaN,NaN,NaN,NaN
NaN,NaN,NaN,NaN
NaN,NaN,NaN,NaN
NaN,NaN,NaN,NaN
NaN,NaN,NaN,NaN
NaN,NaN,NaN,NaN
NaN,NaN,NaN,NaN
NaN,NaN,NaN,NaN
NaN,NaN,NaN,NaN
NaN,NaN,NaN,NaN
NaN,NaN,NaN,NaN
NaN,NaN,NaN,NaN
NaN,NaN,NaN,NaN
NaN,NaN,NaN,NaN
NaN,NaN,NaN,NaN
NaN,NaN,NaN,NaN
NaN,NaN,NaN,NaN
NaN,NaN,NaN,NaN
NaN,NaN,NaN,NaN
NaN,NaN,NaN,NaN
NaN,NaN,NaN,NaN
NaN,NaN,NaN,NaN
NaN,NaN,NaN,NaN
NaN,NaN,NaN,NaN
NaN,NaN,NaN,NaN
NaN,NaN,NaN,NaN
NaN,NaN,NaN,NaN
NaN,NaN,NaN,NaN
NaN,NaN,NaN,NaN
NaN,NaN,NaN,NaN
NaN,NaN,NaN,NaN
NaN,NaN,NaN,NaN
NaN,NaN,NaN,NaN
NaN,NaN,NaN,NaN
NaN,NaN,NaN,NaN
NaN,NaN,NaN,NaN
NaN,NaN,NaN,NaN
NaN,NaN,NaN,NaN
NaN,NaN,NaN,NaN
NaN,NaN,NaN,NaN
NaN,NaN,NaN,NaN
NaN,NaN,NaN,NaN
NaN,NaN,NaN,NaN
NaN,NaN,NaN,NaN
NaN,NaN,NaN,NaN
NaN,NaN,NaN,NaN
NaN,NaN,NaN,NaN
NaN,NaN,NaN,NaN
NaN,NaN,NaN,NaN
NaN,NaN,NaN,NaN
NaN,NaN,NaN,NaN
NaN,NaN,NaN,NaN
NaN,NaN,NaN,NaN
NaN,NaN,NaN,NaN
NaN,NaN,NaN,NaN
NaN,NaN,NaN,NaN
NaN,NaN,NaN,NaN
NaN,NaN,NaN,NaN
NaN,NaN,NaN,NaN
NaN,NaN,NaN,NaN
NaN,NaN,NaN,NaN
NaN,NaN,NaN,NaN
NaN,NaN,NaN,NaN
NaN,NaN,NaN,NaN
NaN,NaN,NaN,NaN
NaN,NaN,NaN,NaN
NaN,NaN,NaN,NaN
NaN,NaN,NaN,NaN
NaN,NaN,NaN,NaN
NaN,NaN,NaN,NaN
NaN,NaN,NaN,NaN
NaN,NaN,NaN,NaN
NaN,NaN,NaN,NaN
NaN,NaN,NaN,NaN
NaN,NaN,NaN,NaN
NaN,NaN,NaN,NaN
NaN,NaN,NaN,NaN
NaN,NaN,NaN,NaN
NaN,NaN,NaN,NaN
NaN,NaN,NaN,NaN
NaN,NaN,NaN,NaN
NaN,NaN,NaN,NaN
NaN,NaN,NaN,NaN
NaN,NaN,NaN,NaN
NaN,NaN,NaN,NaN
NaN,NaN,NaN,NaN
NaN,NaN,NaN,NaN
NaN,NaN,NaN,NaN
NaN,NaN,NaN,NaN
NaN,NaN,NaN,NaN
NaN,NaN,NaN,NaN
NaN,NaN,NaN,NaN
NaN,NaN,NaN,NaN
NaN,NaN,NaN,NaN
NaN,NaN,NaN,NaN
NaN,NaN,NaN,NaN
NaN,NaN,NaN,NaN
NaN,NaN,NaN,NaN
NaN,NaN,NaN,NaN
NaN,NaN,NaN,NaN
NaN,NaN,NaN,NaN
NaN,NaN,NaN,NaN
NaN,NaN,NaN,NaN
NaN,NaN,NaN,NaN
NaN,NaN,NaN,NaN
NaN,NaN,NaN,NaN
NaN,NaN,NaN,NaN
NaN,NaN,NaN,NaN
NaN,NaN,NaN,NaN
NaN,NaN,NaN,NaN
NaN,NaN,NaN,NaN
NaN,NaN,NaN,NaN
NaN,NaN,NaN,NaN
NaN,NaN,NaN,NaN
NaN,NaN,NaN,NaN
NaN,NaN,NaN,NaN
NaN,NaN,NaN,NaN
NaN,NaN,NaN,NaN
NaN,NaN,NaN,NaN
NaN,NaN,NaN,NaN
NaN,NaN,NaN,NaN
NaN,NaN,NaN,NaN
NaN,NaN,NaN,NaN
NaN,NaN,NaN,NaN
NaN,NaN,NaN,NaN
NaN,NaN,NaN,NaN
NaN,NaN,NaN,NaN
NaN,NaN,NaN,NaN
NaN,NaN,NaN,NaN
NaN,NaN,NaN,NaN
NaN,NaN,NaN,NaN
NaN,NaN,NaN,NaN
NaN,NaN,NaN,NaN
NaN,NaN,NaN,NaN
161,187,39,34
161,186,39,34
161,186,39,34
161,186,39,34
161,186,39,34
161,186,39,34
161,186,39,34
161,186,39,34
161,186,39,34
161,186,39,34
155,169,39,34
155,169,39,34
154,169,39,34
154,167,39,34
154,167,40,35
154,167,40,35
154,167,40,35
153,167,40,35
153,167,40,35
153,167,40,35
152,156,34,29
151,154,35,30
150,153,35,30
149,152,35,30
149,152,35,30
148,150,36,31
147,149,37,31
151,149,29,24
151,147,29,24
151,146,29,24
151,145,29,24
152,144,29,24
152,144,29,24
152,143,29,24
153,142,29,24
154,140,29,23
154,139,29,23
154,139,29,23
154,138,29,24
154,136,30,24
154,135,30,24
154,134,30,24
154,134,30,24
153,133,29,24
153,132,30,24
152,131,30,24
152,130,30,24
151,129,30,24
151,127,30,24
152,126,30,24
152,126,30,24
152,125,30,24
153,124,30,24
154,123,30,24
154,123,30,24
155,122,30,24
156,122,30,24
157,121,30,24
158,120,29,24
158,120,29,24
159,119,30,24
159,118,30,24
160,118,30,24
159,117,30,24
160,117,30,24
160,117,30,24
159,116,30,25
159,115,30,24
159,114,30,25
159,113,30,24
159,112,31,25
159,112,31,25
160,111,31,25
160,110,31,25
160,110,31,25
160,110,31,25
161,109,31,25
168,104,28,22
169,104,28,22
170,103,28,22
170,103,28,22
171,103,28,21
172,102,28,22
173,101,28,22
174,101,28,22
174,100,28,22
174,100,28,22
174,99,28,22
174,99,28,22
174,99,28,22
174,98,28,22
174,98,28,22
174,98,28,22
175,97,28,22
175,96,28,22
176,95,28,22
176,95,28,22
177,94,28,22
177,94,28,22
178,93,29,22
179,93,28,22
180,93,29,22
180,93,29,22
181,92,28,22
182,92,28,22
182,91,28,22
182,91,28,22
183,91,28,22
183,91,28,22
183,90,29,22
183,90,29,22
183,90,29,22
183,90,29,22
183,90,28,22
183,89,28,22
183,89,28,22
183,89,28,22
181,82,28,22
180,82,28,22
180,81,28,22
180,81,28,22
180,81,28,22
180,81,28,22
180,80,28,22
180,80,28,22
180,80,28,22
180,79,28,22
179,80,26,20
178,80,26,20
178,79,26,20
177,79,26,20
176,79,26,20
175,78,26,20
175,78,26,20
174,78,26,20
173,78,26,20
172,78,26,20
163,78,26,20
163,78,26,20
162,77,26,20
161,77,27,20
160,77,27,21
160,76,27,21
159,76,27,21
159,76,27,21
159,76,27,21
159,76,27,21
150,74,27,21
150,74,28,21
149,74,28,21
149,74,28,21
149,73,28,22
148,73,28,21
148,73,28,22
147,73,29,22
147,73,29,22
146,73,29,22
140,71,26,19
137,70,26,19
137,70,26,19
135,71,26,19
134,71,26,19
132,71,26,19
130,70,26,19
130,70,26,19
129,70,26,19
128,70,26,19
127,70,26,19
127,70,26,19
126,69,27,19
124,69,27,20
123,69,27,20
122,68,28,20
121,68,28,20
121,68,28,20
120,68,28,20
119,67,28,21
117,67,28,21
117,67,28,21
116,66,28,21
114,66,29,21
113,66,30,21
113,66,30,21
110,66,30,22
108,65,30,22
106,65,30,22
105,65,30,22
105,65,30,22
103,65,30,22
102,64,30,22
101,64,30,22
100,64,30,22
100,64,30,22
99,64,29,21
98,63,29,21
98,63,29,21
98,63,29,21
99,63,25,17
98,62,26,17
98,62,25,17
98,62,25,17
97,61,25,17
96,61,25,17
96,61,25,17
95,61,25,17
93,60,25,17
92,60,25,17
90,60,26,17
89,59,26,18
87,59,26,18
87,59,26,18
86,59,26,17
85,59,26,17
85,58,25,17
84,58,25,17
84,58,25,17
83,58,25,17
84,54,23,15
83,54,23,15
83,54,23,15
83,54,23,15
83,54,23,15
83,53,23,15
82,53,23,15
81,52,23,15
80,52,23,15
79,51,23,15
79,51,23,15
78,51,24,15
77,51,24,15
75,50,24,16
74,50,24,16
74,50,24,16
73,49,24,16
73,49,24,16
72,48,24,16
72,48,24,16
71,48,24,16
71,48,24,16
70,47,24,16
70,47,24,16
70,47,24,16
70,47,24,16
69,46,24,16
69,46,24,16
68,45,24,16
68,45,24,16
63,45,24,16
62,44,24,16
61,44,24,16
60,43,24,16
60,43,24,16
58,43,24,16
57,43,25,16
55,42,25,16
54,42,25,16
54,42,25,16
53,42,25,16
52,42,25,16
51,42,25,16
50,41,25,16
50,41,25,16
50,41,25,16
49,41,25,16
48,41,25,16
48,40,25,16
47,40,25,16
47,40,25,16
46,40,25,16
45,39,25,17
43,39,25,17
42,39,26,17
42,39,26,17
40,39,26,17
39,39,25,17
38,39,25,17
38,39,25,17
37,39,25,17
35,39,25,16
35,38,25,16
34,38,25,16
33,38,25,16
33,39,25,16
33,39,25,16
29,39,25,16
30,39,25,16
30,39,25,16
31,39,25,16
31,39,25,16
31,39,25,17
27,37,25,17
27,38,25,16
27,38,25,16
27,39,25,16
27,39,25,16
27,40,24,16
27,41,24,16
27,43,24,15
27,44,23,15
27,44,23,15
27,44,23,15
27,45,23,15
27,45,23,15
27,46,23,15
27,46,23,15
27,46,23,15
27,47,22,15
26,47,22,15
26,48,22,15
26,48,22,15
26,48,22,15
26,48,22,15
27,49,22,15
27,49,22,15
27,50,22,15
27,50,22,15
27,50,22,15
27,50,23,15
27,51,23,15
27,51,23,15
25,53,23,15
25,53,23,15
25,54,23,15
25,54,22,15
25,55,22,15
25,55,22,15
25,55,22,15
26,56,23,15
26,56,23,15
26,57,23,15
26,57,23,15
26,57,23,15
26,57,23,15
26,58,23,15
27,58,23,15
27,59,23,15
27,59,23,15
27,59,23,15
28,60,23,15
28,60,23,15
28,60,23,15
28,60,23,15
28,60,23,15
28,61,23,15
29,61,23,15
29,62,23,15
29,63,23,15
29,63,23,15
29,63,23,15
29,63,23,15
29,70,23,15
29,70,23,15
29,71,23,15
29,71,23,15
30,71,23,15
30,72,23,15
30,72,23,15
31,73,23,15
31,73,23,15
31,73,23,15
31,74,23,15
32,75,24,15
32,75,24,15
32,75,24,15
32,75,24,15
33,76,23,15
33,76,23,15
33,76,23,15
33,77,23,15
33,78,23,15
35,81,23,15
36,81,23,15
36,81,23,15
36,82,23,15
36,83,24,15
36,84,23,15
36,84,23,15
36,84,23,15
36,84,23,15
37,85,23,15
37,86,23,15
37,86,23,15
37,87,23,15
37,87,23,15
38,88,23,15
38,88,23,15
38,89,23,15
38,89,24,15
38,89,24,15
38,90,23,15
40,95,23,15
41,95,23,15
41,96,23,15
41,97,23,15
41,97,23,15
41,98,23,15
42,99,23,15
41,100,23,15
42,100,23,15
42,100,23,15
42,101,23,15
43,102,23,15
43,102,23,15
43,103,23,15
43,103,23,15
44,104,23,15
44,105,23,15
45,106,23,15
46,107,23,15
47,107,23,15
47,108,23,15
47,108,23,15
48,109,22,15
48,109,22,15
49,110,22,15
49,110,22,15
49,111,22,15
50,112,22,15
51,113,22,15
51,114,22,14
52,114,22,14
52,114,22,14
52,114,22,14
53,115,22,14
54,116,21,14
55,117,21,14
55,117,21,14
56,117,21,14
57,118,22,14
59,119,22,14
54,120,30,22
54,120,30,22
55,120,30,22
56,120,30,22
58,121,30,22
60,121,30,22
60,121,30,22
61,121,30,22
63,121,30,22
65,121,30,22
67,122,30,22
67,122,30,22
69,122,30,22
70,122,30,22
72,122,30,22
72,122,30,22
74,122,29,22
75,122,29,22
77,122,29,22
79,122,29,22
70,123,35,28
72,123,35,28
74,123,35,28
76,123,36,28
78,122,36,28
78,122,36,28
80,122,36,28
82,122,36,28
84,122,36,29
86,121,36,28
86,121,36,28
88,122,37,29
90,121,37,29
92,121,37,29
92,121,37,29
94,121,36,29
95,120,36,29
97,120,37,29
98,119,37,29
98,119,37,29
100,118,37,29
101,118,37,29
103,117,37,29
103,117,37,29
104,117,37,29
105,116,37,29
107,116,37,29
107,116,37,29
108,115,37,30
109,115,37,30
110,114,37,30
112,114,37,30
113,113,37,29
113,113,37,29
115,112,37,29
116,112,37,30
118,111,38,30
118,111,38,30
120,111,38,30
123,111,37,29
125,111,37,29
127,110,37,29
127,110,37,29
129,110,37,29
132,110,36,29
132,110,37,29
133,109,37,29
135,108,37,29
136,108,37,29
136,108,37,29
137,107,37,30
138,107,37,30
139,107,37,30
140,106,37,30
141,106,37,30
141,106,37,30
142,105,37,29
143,105,37,29
144,104,37,30
146,104,38,30
146,104,38,30
147,104,38,30
149,103,38,30
150,103,39,31
152,102,39,31
153,102,39,31
153,102,39,31
154,102,39,31
156,101,39,31
157,101,39,31
163,99,34,25
163,99,34,25
164,98,34,25
164,98,34,25
164,98,34,26
164,98,34,26
165,97,34,26
165,97,34,26
165,97,35,26
165,97,34,26
177,95,29,20
178,95,28,20
179,94,29,20
180,94,28,20
180,94,28,20
181,93,28,20
183,93,28,20
184,93,28,20
186,93,28,19
186,93,28,19
187,93,27,19
188,92,27,19
188,92,27,19
189,92,27,19
189,92,27,19
190,91,27,19
190,91,27,19
190,91,27,19
190,91,27,19
190,91,27,19
188,84,28,19
188,84,27,19
187,83,27,19
187,83,27,19
187,83,27,19
187,83,27,19
187,82,27,19
186,82,27,19
186,82,27,19
186,81,27,19
186,81,27,19
186,81,27,19
187,81,27,19
187,81,27,19
187,80,27,19
187,80,27,19
187,80,27,19
187,79,27,19
187,79,27,19
187,79,27,19
182,76,27,19
182,76,27,19
181,76,27,19
180,75,27,19
180,75,27,19
180,75,27,19
179,75,27,19
178,75,26,19
178,75,26,18
177,74,26,18
177,74,26,18
176,74,26,18
176,74,26,18
176,74,26,18
176,74,26,18
176,74,26,18
175,73,26,18
175,73,26,18
175,73,26,18
175,73,26,18
171,67,26,18
171,67,26,18
171,67,25,18
171,66,25,18
170,66,25,18
170,66,25,18
170,66,25,18
169,66,25,18
169,66,25,18
169,66,25,18
164,64,25,18
164,64,25,18
164,64,25,18
164,63,25,18
164,63,25,18
164,63,25,18
164,63,25,18
163,63,25,17
163,63,25,17
163,63,25,17
155,61,25,17
155,61,25,17
155,61,25,18
155,61,25,18
155,61,25,18
154,61,25,18
154,61,26,18
154,60,26,18
153,60,26,18
153,60,26,18
147,56,26,18
146,56,27,19
144,56,27,19
143,56,27,19
143,56,27,19
142,55,28,20
141,55,28,20
140,55,28,20
140,55,28,20
140,55,28,20
139,54,29,20
138,54,29,20
138,54,29,20
138,54,29,20
138,54,29,20
137,54,29,21
137,54,30,21
137,54,30,21
137,54,30,21
136,53,30,21
132,57,22,13
132,57,22,13
132,57,22,13
131,57,22,13
131,57,22,13
130,57,22,13
129,57,22,13
129,57,22,13
128,57,22,13
128,57,22,13
127,56,22,13
127,56,22,13
127,56,22,13
126,56,22,13
126,56,22,13
126,56,22,13
126,56,22,13
126,56,22,13
126,56,22,13
126,56,23,13
113,54,23,13
113,54,23,14
112,53,23,14
112,53,23,14
112,53,23,14
111,53,24,14
110,52,24,14
110,52,24,14
109,52,24,14
108,52,25,15
107,52,25,15
105,51,25,15
104,51,25,15
104,51,25,15
103,51,25,15
101,51,25,15
101,51,25,15
100,51,25,15
100,51,25,15
99,51,25,15
98,50,25,15
98,50,25,15
97,50,25,15
97,50,25,15
96,50,25,15
96,50,25,15
95,49,25,15
95,49,25,15
94,49,25,15
93,48,25,15
92,48,25,15
91,47,25,15
90,47,25,15
90,47,25,15
88,47,25,15
87,47,25,15
86,46,26,15
84,46,26,15
84,46,26,15
83,46,26,15
82,46,26,15
81,45,26,15
80,45,26,15
80,45,26,15
79,45,26,16
78,44,26,16
78,44,26,16
77,44,26,16
77,44,26,16
76,43,26,16
75,43,26,16
75,43,26,16
74,42,26,16
74,42,26,16
72,42,26,16
71,42,26,16
70,42,27,16
69,42,27,16
67,41,27,16
67,41,27,16
66,41,27,16
65,41,27,16
63,41,27,16
62,41,27,16
62,41,27,16
61,41,28,16
60,40,28,16
59,40,28,16
58,40,28,16
57,40,28,16
57,40,28,16
56,40,28,17
55,40,28,16
54,39,28,16
54,39,28,16
53,39,28,16
52,39,27,16
51,39,27,16
51,39,27,16
50,39,27,16
48,38,28,16
47,38,28,16
45,39,28,17
43,39,28,17
43,39,28,17
42,39,28,17
40,39,28,16
39,39,28,16
37,39,28,16
36,39,28,16
36,39,28,16
35,39,27,16
34,39,28,16
33,39,27,16
33,39,27,16
33,39,27,16
29,39,27,16
28,39,27,16
28,39,27,16
28,39,27,16
28,39,27,16
28,39,27,16
28,39,27,16
28,39,27,16
28,40,27,16
28,40,27,16
28,40,27,16
28,40,27,16
29,40,26,16
29,41,26,15
29,42,25,15
29,42,25,15
29,43,25,15
29,44,25,15
29,45,25,15
29,45,25,15
25,45,25,15
25,45,25,15
25,46,25,15
25,46,25,15
25,46,25,15
25,46,25,15
25,47,25,15
25,47,25,15
25,47,25,15
25,48,25,15
25,48,25,15
25,48,25,15
25,48,24,15
26,48,24,14
26,49,24,14
26,49,24,14
26,49,25,15
26,49,25,15
26,49,25,15
27,49,25,15
27,49,25,15
27,50,25,15
27,50,25,15
27,50,25,15
28,51,25,15
29,51,24,15
29,51,24,15
29,51,25,15
29,52,25,15
30,52,25,15
30,52,25,15
30,52,25,15
30,52,25,15
31,53,25,15
31,53,25,15
31,53,25,15
32,53,25,15
32,53,25,15
33,53,25,15
33,54,25,15
34,54,25,15
34,54,25,15
35,55,25,15
35,55,25,15
36,55,25,15
37,55,25,15
37,55,25,15
38,55,25,15
38,55,25,15
39,56,25,15
40,60,26,15
41,61,26,15
41,61,26,15
41,61,26,15
42,61,26,15
42,62,26,15
42,62,26,15
43,62,26,15
43,62,26,15
44,62,26,15
45,62,26,15
45,62,26,15
46,62,26,15
46,63,26,15
47,63,26,16
47,63,26,16
48,63,26,16
49,64,26,16
51,64,26,16
52,64,26,16
52,64,26,16
53,64,26,16
54,64,26,16
55,64,26,16
56,64,26,16
56,64,26,16
58,65,26,16
59,65,26,16
60,65,26,16
61,66,27,16
62,66,27,16
63,67,27,16
64,67,27,16
64,67,27,16
65,67,27,16
66,67,26,16
67,67,26,16
68,67,26,16
68,67,26,16
69,68,26,16
70,68,27,16
71,68,27,16
72,68,27,16
72,68,27,16
73,69,27,16
75,69,27,16
76,69,26,16
76,69,26,16
77,69,26,16
78,69,26,16
80,69,26,16
80,69,26,16
81,69,26,16
83,69,26,16
85,70,26,16
85,70,26,16
86,70,26,15
88,70,26,15
89,71,26,15
89,71,26,15
90,71,26,15
91,71,26,15
92,71,26,15
92,71,26,15
93,71,26,15
94,71,26,15
96,71,26,16
96,71,26,16
97,71,26,16
98,71,27,16
99,71,26,16
101,72,27,16
102,72,27,16
102,72,27,16
103,72,26,16
105,72,27,16
106,72,26,16
108,72,26,16
110,72,26,15
110,72,26,15
111,72,26,15
113,72,25,15
115,72,25,15
115,72,25,15
116,72,25,15
117,72,25,15
118,72,25,15
118,72,25,15
119,72,25,15
120,72,25,15
121,72,25,15
122,72,25,15
123,72,25,15
123,72,25,15
124,72,25,15
125,72,25,15
126,72,25,15
127,72,25,15
127,72,25,15
128,72,25,15
130,72,25,15
131,72,25,15
131,72,25,15
133,72,25,15
134,72,24,14
136,72,24,15
137,72,25,15
139,72,24,15
140,72,24,14
140,72,24,14
147,74,24,14
149,74,24,14
149,74,24,14
149,74,24,14
151,74,23,14
152,75,22,13
153,75,22,13
153,75,22,13
153,75,21,13
154,75,21,13
155,75,21,12
156,75,21,12
157,75,21,12
157,75,21,12
157,75,21,12
158,75,21,12
158,75,21,12
159,75,20,12
159,75,20,12
160,75,20,12
167,78,20,12
168,78,21,12
168,77,21,12
168,77,21,12
169,77,21,12
169,77,21,13
170,77,22,13
170,77,22,13
170,77,22,13
170,77,22,13
178,77,23,14
179,77,23,14
180,77,23,13
180,77,23,13
182,77,23,13
182,77,23,13
184,77,23,13
185,77,23,14
186,77,23,14
187,77,23,14
187,77,23,14
188,77,23,14
189,77,23,14
190,77,23,14
192,77,23,14
193,77,23,14
193,77,23,14
195,77,23,14
197,77,23,14
199,78,23,14
201,78,23,14
204,77,23,13
205,77,22,13
205,77,22,13
206,77,22,13
207,77,22,13
209,76,21,13
209,76,21,13
210,76,21,13
210,75,21,12
211,75,21,12
212,75,21,12
212,75,21,12
213,75,21,12
213,75,21,12
214,74,20,12
214,74,20,12
215,74,20,12
215,74,20,12
215,74,20,12
210,70,30,22
211,70,30,22
212,70,30,22
212,70,30,22
213,70,29,22
213,70,29,22
214,71,29,21
214,71,29,21
215,71,29,21
215,71,29,21
215,71,29,21
215,71,29,21
215,71,29,21
215,71,29,21
216,71,29,21
216,71,29,21
216,71,29,21
216,71,29,21
216,71,29,21
216,71,29,21
220,69,29,21
220,69,29,21
220,69,29,21
220,69,29,21
220,69,29,21
220,69,29,21
220,69,29,22
220,69,29,22
220,69,29,22
220,69,29,22
220,69,29,22
220,69,30,22
220,69,30,22
220,69,30,22
220,69,30,22
220,69,30,22
221,69,30,22
221,69,30,22
221,69,30,22
221,69,30,22
221,69,30,22
221,69,30,22
221,69,30,22
221,69,30,22
221,70,30,22
221,70,30,22
221,70,30,22
221,70,30,22
221,70,30,22
221,70,30,22
221,70,29,22
221,70,29,22
221,70,29,22
221,70,29,22
221,70,29,22
221,70,29,22
221,70,29,22
221,70,29,22
221,70,29,22
221,70,29,22
223,68,29,22
223,68,29,22
223,68,30,22
223,68,30,22
223,68,30,22
223,68,30,22
223,68,30,22
223,68,30,22
223,68,30,22
223,68,30,22
223,68,30,22
223,68,30,22
223,68,30,22
223,68,30,22
223,68,30,22
223,68,30,22
223,68,30,22
223,68,30,22
223,68,30,22
223,68,30,22
223,68,30,22
223,68,30,22
223,68,30,22
223,68,30,22
223,68,30,22
223,68,30,22
223,68,30,22
223,68,30,22
223,68,30,22
223,68,30,22
223,68,30,22
223,68,30,22
223,68,30,22
223,68,30,22
223,68,30,22
223,68,30,22
223,68,30,22
223,68,30,22
223,68,30,22
223,68,30,22
223,68,30,22
223,68,30,22
223,68,30,22
223,68,30,22
223,68,30,22
223,68,30,22
223,68,30,22
223,68,30,22
223,68,30,22
223,68,30,22
225,68,30,22
225,68,30,22
225,68,30,22
225,68,30,22
225,68,30,22
225,68,30,22
225,68,30,22
225,68,30,22
225,68,30,22
225,68,30,22
225,68,30,22
225,68,30,22
225,68,30,22
225,68,30,22
225,68,30,22
225,68,30,22
225,68,30,22
225,68,30,22
225,68,30,22
225,68,30,22
225,68,30,22
225,68,30,22
225,68,30,22
225,68,30,22
225,68,30,22
225,68,30,22
225,68,30,22
225,68,30,22
225,68,30,22
225,68,30,22
225,68,30,22
225,68,30,22
225,68,30,22
225,68,30,22
225,68,30,22
225,68,30,22
225,68,30,22
225,68,30,22
225,68,30,22
225,68,30,22
225,68,30,22
225,68,30,22
225,68,30,22
225,68,30,22
225,68,30,22
225,68,30,22
225,68,30,22
225,68,30,22
225,68,30,22
225,68,30,22
225,68,30,22
225,68,30,22
225,68,30,22
225,68,30,22
225,68,30,22
225,68,30,22
225,68,30,22
225,68,30,22
225,68,30,22
225,68,30,22
225,68,30,22
225,68,30,22
225,68,30,22
225,68,30,22
225,68,30,22
225,68,30,22
225,68,30,22
225,68,30,22
225,68,30,22
225,68,30,22
225,68,30,22
225,68,30,22
225,68,30,22
225,68,30,22
225,68,30,22
225,68,30,22
225,68,30,22
225,68,30,22
225,68,30,22
225,68,30,22
225,68,30,22
225,68,30,22
225,68,30,22
225,68,30,22
225,68,30,22
225,68,30,22
225,68,30,22
225,68,30,22
225,68,30,22
225,68,30,22
225,68,30,22
225,68,30,22
225,68,30,22
225,68,30,22
225,68,30,22
225,68,30,22
225,68,30,22
225,68,30,22
225,68,30,22
225,68,30,22
225,68,30,22
225,68,30,22
225,68,30,22
225,68,30,22
225,68,30,22
225,68,30,22
225,68,30,22
225,68,30,22
225,68,30,22
225,68,30,22
225,68,30,22
225,68,30,22
225,68,30,22
225,68,30,22
225,68,30,22
225,68,30,22
225,68,30,22
225,68,30,22
225,68,30,22
225,68,30,22
225,68,30,22
225,68,30,22
225,68,30,22
225,68,30,22
225,68,30,22
225,68,30,22
225,68,30,22
225,68,30,22
223,68,30,22
221,67,30,22
221,67,30,22
220,67,30,22
218,67,30,22
216,67,30,22
213,67,29,22
210,66,30,22
208,66,30,22
208,66,30,22
205,66,30,22
202,66,29,22
200,66,30,22
200,66,30,22
197,66,30,22
195,67,30,22
193,69,30,22
191,71,29,22
191,74,29,22
191,76,29,22
191,78,30,22
191,78,30,22
191,81,30,22
191,83,30,22
190,85,30,22
189,88,30,22
187,90,29,22
187,90,29,22
185,92,29,22
183,94,30,22
180,96,30,22
178,99,30,22
178,99,30,22
174,101,30,22
169,102,31,22
165,104,32,23
161,106,32,24
161,106,32,24
156,107,34,25
150,110,36,26
143,112,38,28
135,115,40,29
129,117,42,31
129,117,42,31
122,121,44,32
118,122,46,34
113,123,48,35
110,124,51,37
110,124,51,37
108,125,53,39
105,126,56,41
102,127,59,43
102,127,59,43
101,127,60,44
101,127,60,44
101,126,60,44
101,125,60,44
101,125,60,44
101,124,60,44
101,122,60,44
101,121,60,44
101,120,60,44
101,119,60,44
101,119,60,44
101,118,60,44
101,116,60,44
101,115,60,44
101,115,60,44
101,114,60,44
101,113,60,44
101,112,60,44
101,111,60,44
101,111,60,44
101,110,60,44
101,109,60,44
101,107,60,44
101,106,60,44
101,106,60,44
101,105,60,44
101,104,60,44
102,102,60,44
102,102,60,44
102,101,60,44
102,100,60,44
102,99,60,44
102,99,60,44
102,98,60,44
102,98,60,44
102,98,60,44
102,98,60,44
102,98,60,44
102,98,60,44
102,98,60,44
102,98,60,44
102,98,60,44
102,98,60,44
101,98,60,44
101,98,60,44
101,98,60,44
101,98,60,44
101,98,60,44
101,98,60,44
101,98,60,44
101,98,60,44
101,98,60,44
101,98,60,44
101,98,60,44
101,98,60,44
101,98,60,44
101,98,60,44
101,98,60,44
101,98,60,44
87,104,60,44
87,104,60,44
87,104,60,44
80,108,60,44
80,108,60,44
74,114,60,44
68,118,60,44
68,118,60,44
67,119,61,44
67,119,61,44
51,131,61,44
51,131,61,44
48,130,60,44
44,130,61,44
44,130,61,44
40,130,60,44
36,131,60,44
31,132,60,43
25,133,60,44
20,133,60,44
20,133,60,44
15,132,60,44
10,133,61,44
3,134,60,44
-2,134,60,44
-2,134,60,44
-5,135,60,44
-7,135,59,43
-11,135,60,44
-11,135,60,44
-15,136,60,44
-18,136,61,44
-20,136,60,44
-20,136,60,44
-21,137,60,44
-23,136,61,45
-24,136,60,44
-27,135,60,44
-27,135,60,44
-30,134,61,44
-32,133,63,46
-32,132,65,48
-29,131,67,49
-29,131,67,49
-24,132,65,48
-18,132,63,46
-10,132,61,45
-10,132,61,45
-2,132,59,43
7,131,59,43
15,131,58,43
-1,131,58,43
7,131,58,43
-1,129,58,42
7,129,57,41
14,128,57,42
2,123,57,41
8,122,58,42
8,122,58,42
14,121,59,43
18,119,60,44
4,120,61,44
8,119,61,44
8,119,61,44
12,117,60,44
16,116,60,44
20,116,60,44
24,116,60,44
28,116,58,42
28,116,58,42
32,116,57,42
37,116,56,41
40,116,57,42
44,115,57,42
44,115,57,42
49,114,57,42
54,113,57,42
58,112,57,42
64,111,58,42
64,111,58,42
68,110,59,43
73,109,59,43
78,108,60,44
78,108,60,44
83,108,60,44
87,106,61,45
91,105,61,44
95,104,62,45
95,104,62,45
99,104,62,45
102,103,63,46
105,103,63,46
105,103,63,46
108,103,64,47
111,103,63,46
116,103,62,46
116,103,62,46
121,102,63,46
124,101,64,47
129,101,63,46
129,101,63,46
134,100,63,46
138,99,64,47
143,91,64,47
148,90,64,47
148,90,64,47
153,89,63,46
157,88,63,46
159,87,64,47
156,86,63,46
156,86,63,46
153,84,63,46
149,83,63,46
146,83,63,46
141,82,63,46
141,82,63,46
138,82,63,46
135,81,63,46
132,80,62,45
132,80,62,45
129,79,62,45
126,78,62,45
124,78,61,45
123,77,60,44
122,76,59,43
121,76,58,43
121,76,58,43
121,76,58,43
123,77,55,40
124,78,53,39
126,79,51,37
126,79,49,36
126,79,49,36
126,79,38,25
126,80,37,24
127,81,36,24
127,83,34,22
127,83,34,22
125,83,34,22
124,82,34,22
122,81,34,22
121,80,34,23
117,80,34,23
122,81,28,17
117,80,28,17
113,80,28,17
109,79,28,16
109,79,28,16
104,79,28,16
98,79,28,16
92,79,28,16
86,78,27,16
86,78,27,16
80,78,27,16
74,77,27,16
67,77,27,16
67,77,27,16
60,76,28,16
52,76,28,16
49,76,28,16
49,76,28,16
47,76,28,16
46,76,28,16
45,75,28,16
44,74,29,17
43,73,28,17
42,73,28,17
41,72,29,17
41,72,29,17
41,72,28,17
41,72,28,17
41,72,28,17
41,72,28,16
41,71,28,16
41,70,28,16
41,70,28,16
41,70,28,16
40,69,28,17
39,68,28,17
38,68,29,17
37,67,29,17
35,67,30,17
35,67,30,17
34,66,30,17
34,66,30,17
33,65,30,18
32,65,31,18
31,64,31,18
30,63,31,18
30,63,31,18
29,63,30,18
29,64,30,18
29,64,30,18
19,61,30,17
19,61,30,17
20,61,30,17
20,61,29,17
20,61,29,17
20,61,29,17
20,61,29,17
20,61,29,17
20,61,29,17
20,62,29,17
20,62,29,17
20,63,28,16
20,65,27,16
20,66,26,15
21,69,26,15
21,69,26,15
20,71,25,15
20,72,24,14
20,73,24,14
20,73,24,14
20,74,24,14
20,74,23,14
20,75,23,14
20,75,23,14
20,76,23,14
19,77,23,14
19,77,23,14
19,77,23,14
19,77,23,14
20,78,23,14
18,80,23,14
18,81,23,14
19,82,23,14
19,82,23,14
19,82,23,14
19,83,24,14
20,83,23,14
20,83,24,14
20,83,24,14
20,84,24,14
21,84,24,14
21,85,24,14
21,86,23,14
22,86,24,14
22,86,24,14
22,87,24,14
23,88,24,14
24,89,24,14
24,89,24,14
24,89,24,14
21,90,24,14
21,90,24,14
22,90,24,14
22,90,24,14
23,90,24,14
24,91,24,14
25,91,24,14
26,92,24,14
27,93,24,14
27,93,24,14
28,93,24,14
29,93,24,14
30,93,24,14
31,94,24,14
31,94,24,14
31,94,24,14
32,95,24,14
33,96,24,14
34,97,24,14
35,98,25,14
35,99,25,14
35,99,25,14
36,99,25,14
36,99,24,14
36,100,24,14
37,100,24,14
37,101,24,14
37,101,24,14
38,102,24,14
38,103,24,14
39,104,24,14
39,105,24,14
40,106,24,14
41,106,24,14
41,106,24,14
41,107,24,14
41,107,24,14
41,108,24,14
41,108,24,14
41,110,24,14
38,104,34,24
37,105,34,24
37,106,34,24
37,106,34,24
37,107,34,24
36,107,34,24
36,108,34,24
36,108,34,24
36,108,34,24
36,109,34,24
36,110,33,24
36,111,33,24
35,111,34,24
35,112,34,24
35,113,34,24
35,113,34,24
35,114,34,24
35,114,34,24
35,114,34,24
34,114,34,24
36,118,34,24
36,118,34,24
36,119,34,24
36,120,34,24
36,120,34,24
36,121,33,24
36,122,33,24
36,123,33,23
35,122,33,24
35,122,33,24
34,121,33,24
33,119,33,24
33,118,33,24
33,118,33,24
32,117,33,24
31,115,33,24
30,114,33,24
30,112,34,24
30,112,34,24
29,111,34,24
28,109,35,25
28,108,35,25
28,108,35,25
28,106,35,25
29,106,34,24
29,107,34,24
29,107,34,24
29,107,34,24
29,107,34,24
29,107,34,24
29,108,34,24
29,108,34,24
29,109,33,23
29,109,33,23
30,111,33,23
30,112,32,23
30,113,32,22
30,113,32,22
30,114,31,22
30,115,31,22
30,116,31,22
30,117,31,22
30,118,32,22
31,119,31,22
31,119,31,22
31,120,31,22
32,121,31,22
30,122,31,22
28,123,31,22
28,123,31,22
26,125,31,22
24,126,31,22
23,127,31,22
22,129,32,23
22,129,32,23
21,131,32,23
20,132,32,22
